1950 950011          -999       0       0       0       0       0     411     936    1649    2007    1669     903
1951 950011           373       0       0       0       0       0     549    1248    2201    2677    2226    1205
1952 950011           479       0       0       0       0       0     705    1604    2827    3440    2860    1548
1953 950011           409       0       0       0       0       0     602    1369    2413    2936    2441    1321
1954 950011           355       0       0       0       0       0     523    1189    2096    2550    2120    1148
1955 950011           374       0       0       0       0       0     550    1251    2205    2683    2231    1207
1956 950011           320       0       0       0       0       0     471    1072    1889    2299    1911    1035
1957 950011           609       0       0       0       0       0     897    2040    3596    4376    3638    1970
1958 950011           368       0       0       0       0       0     542    1233    2173    2645    2199    1190
1959 950011           291       0       0       0       0       0     428     973    1715    2087    1735     939
1960 950011           201       0       0       0       0       0     295     671    1183    1440    1197     648
1961 950011           340       0       0       0       0       0     500    1138    2006    2441    2029    1099
1962 950011           561       0       0       0       0       0     826    1878    3311    4028    3349    1813
1963 950011           380       0       0       0       0       0     559    1271    2240    2726    2266    1227
1964 950011           287       0       0       0       0       0     422     960    1692    2059    1712     927
1965 950011           346       0       0       0       0       0     509    1158    2042    2484    2065    1118
1966 950011           295       0       0       0       0       0     435     989    1743    2121    1763     954
1967 950011           265       0       0       0       0       0     390     886    1562    1901    1581     856
1968 950011           288       0       0       0       0       0     423    1792    2705    2799    2351    1477
1969 950011           366       0       0       0       0       0     589    2328    3048    3353    3143    1516
1970 950011           988       0       0       0       0       0     753    1712    3018    3673    3054    1653
1971 950011           558       0       0       0       0       0     821    1867    3291    4004    3329    1802
1972 950011           603       0       0       0       0       0     888    2605    4263    4961    4586    2299
1973 950011           333       0       0       0       0       0     491    1115    1966    2393    1989    1077
1974 950011           358       0       0       0       0       0     527    1199    2113    2571    2138    1157
1975 950011           490       0       0       0       0       0     154    1359    2555    4229    3510    1954
1976 950011           456       0       0       0       0       0     527    1495    2605    4381    2762    1475
1977 950011           298       0       0       0       0       0     848    2488    3265    3688    2459    1374
1978 950011           314       0       0       0       0       0     421    1885    2752    3301    2801    1630
1979 950011           652       0       0       0       0       0     567    1044    2787    3522    2726    1892
1980 950011           511       0       0       0       0       0     378     907    2945    3870    3189    1591
1981 950011           272       0       0       0       0       0    1048    1588    2854    2906    2690    1601
1982 950011            15       0       0       0       0       0     418    2268    2888    3994    3445     972
1983 950011           308       0       0       0       0       0      35     846    1597    3224    3317    2260
1984 950011           738       0       0       0       0       0     235    2521    1688    4130    3236    1804
1985 950011            88       0       0       0       0       0     324    1913    3932    4578    5537    2798
1986 950011          1476       0       0       0       0       0     628    1562    3712    3638    3307     528
1987 950011           292       0       0       0       0       0     839    2472    3136    3449    3059    1686
1988 950011           586       0       0       0       0       0     569    2384    3307    2981    3442     724
1989 950011           678       0       0       0       0       0     896    2144    2817    3145    2630    1785
1990 950011           267       0       0       0       0       0     925    2186    2786    2845    3012    1656
1991 950011           226       0       0       0       0       0     227    2482    2513    3396    2389    1056
1992 950011           132       0       0       0       0       0    1011    2195    2383    2431    2443    1083
1993 950011           337       0       0       0       0       0     437    1120    2421    3618    2894    1623
1994 950011           167       0       0       0       0       0     360    2444    2625    2796    2651    1194
1995 950011           401       0       0       0       0       0     466    1238    2277    3555    3894    1482
1996 950011           300       0       0       0       0       0     323    1393    2004    2338    2268    1179
1997 950011           173       0       0       0       0       0     132    1044    1803    1985    1584     927
1998 950011           208       0       0       0       0       0     387    2022    2406    4025    2869    2111
1999 950011           329       0       0       0       0       0     234    1336    2926    4077    2213    1028
2000 950011           371       0       0       0       0       0     378    1653    1821    2172    2029    1040
2001 950011           370       0       0       0       0       0     593    2020    2441    2574    2179    1514
2002 950011           239       0       0       0       0       0     846    2285    2342    2719    2002    1474
2003 950011            51       0       0       0       0       0     504    1474    1813    2270    1928     721
2004 950011           594       0       0       0       0       0     572    1970    2306    2282    2138    1011
2005 950011           328       0       0       0       0       0     735    2251    2525    3225    2607    1544
